56567
50428
32056
29631
56593
56267
34261
17238
47552
15075
34226
14720
32127
48552
29170
57553
31625
59935
1901
14585
37444
54242
53053
5035
38482
34280
32660
30416
44536
12531
18742
59741
32142
6803
29504
37335
28877
31497
21508
2993
10705
47186
57971
11134
6408
19191
40961
16597
26831
50183
65287
43963
24489
61713
9374
15191
21770
61567
45670
28599
29208
4178
7538
28879
31786
48956
24977
49777
4367
39443
8899
63200
53680
16423
19934
64384
61997
23361
30947
10943
8978
27737
11084
10217
64991
59709
50730
26060
41098
16812
48927
14711
28198
49979
4526
15020
62669
35544
14463
36835
15416
18557
15768
46828
40961
25725
4047
23476
44793
40493
49111
49741
36334
46843
26747
57207
51555
48900
46443
19725
44174
9694
38033
12421
41840
29949
34754
37020
50022
46673
14133
45577
3102
4725
20079
3665
49057
46186
65051
37439
20435
38449
33298
25168
13712
56552
30943
48970
33053
23153
36027
37439
15671
37089
59207
39493
18743
45281
25494
4293
36667
2297
25252
53167
46431
23041
54182
63805
32585
12136
62553
13595
9442
13234
38664
18086
1991
64343
52473
20568
24533
12421
53582
32843
10757
39310
14784
58428
47581
8547
61633
48679
19395
11096
28752
60448
23472
60361
11007
22350
6472
3266
50226
52174
34443
15799
57430
3808
32521
7517
9005
60405
52351
9005
1827
14515
25493
62749
48525
48655
56092
9363
35321
4082
15736
19949
7229
10769
21715
35073
12070
61672
31983
5685
34647
2446
16498
59020
25283
5925
5353
24832
57061
36763
41012
24989
21723
11409
55154
57761
50204
8354
3808
59556
5039
38292
19500
44341
46066
24505
11857
13485
64806
10757
314
15263
64477
25237
38547
11918
35683
25665
26782
24082
50021
22680
51955
47534
11940
40158
17073
34433
15484
14531
38704
12421
56387
33545
58346
28607
878
47152
151
13402
20258
12905
18712
13249
18658
58613
21224
40988
13327
1421
57956
58374
61525
31889
12620
17527
6428
41856
4092
27490
21503
41301
38808
7229
32040
60360
3808
53784
3665
58843
63294
7394
64312
38316
4682
21710
58580
49470
33518
23697
46403
39611
30887
63773
60194
19879
9902
6723
26695
48169
27467
58717
65069
8708
52620
43819
38248
52111
24850
44945
31497
57031
61412
18888
42552
836
34801
40597
65037
63138
26471
59796
15561
24320
42409
64417
25721
15741
5556
19984
37074
52870
12774
719
25711
19059
16425
14472
14435
5733
44189
8257
27026
8359
3510
37089
56523
50055
30669
58565
21239
9559
25213
60610
28588
61632
57240
6501
3170
57320
39077
40469
41299
14242
26507
44066
41505
49936
20159
40961
2826
6572
9005
44803
40267
62994
62209
60390
8949
41013
45434
36545
52617
47351
53859
55247
41137
50530
8613
41114
19666
21352
15
56221
15786
6363
16199
708
51983
18712
45801
52258
21162
22885
63128
3523
15101
33090
21927
48608
49077
55061
52891
1554
57498
21219
61814
6810
21799
18712
3389
39493
35901
56588
44015
48497
42139
44174
10304
3102
23588
36419
42166
7394
53577
54
61084
50801
14893
53883
15748
30866
49266
51765
63916
41101
9615
62934
18259
34925
38796
50562
19337
46968
41751
9549
51416
12724
25932
46403
47239
22304
62968
20470
8247
5318
23695
7014
44945
36440
897
23361
52095
42216
35242
37951
48822
7403
60612
47580
55893
49236
906
49741
2598
36220
13362
18060
36268
34911
49712
19510
53759
60612
31088
15217
12012
22281
38022
55395
53953
16912
32680
44174
40482
20137
49878
36592
52555
34277
53084
2967
3629
55453
19369
759
17056
56177
6989
65189
18870
37951
6117
31178
5043
43088
54781
7394
62300
23361
48628
13204
9615
48740
21797
46431
31565
19656
2591
28178
45542
33705
34669
64820
45404
48630
14606
43917
52594
15202
64239
3283
36347
18614
63226
51058
65419
27910
41638
42261
46136
51862
34811
39147
38547
43884
31287
51168
45420
29715
29210
10526
17586
57421
15449
28892
59083
42956
27680
45667
49741
18872
32179
16044
52554
12980
56552
63277
61049
65305
32009
59146
37084
16960
17844
50918
54878
21228
65132
11635
13093
33789
1746
37150
61550
42193
629
14754
12495
34150
2575
56559
40665
8115
22426
46224
36695
26054
35053
15974
22306
42050
62488
42238
43131
49290
55236
27406
7633
1410
12834
29909
54164
61260
10757
42374
41647
30836
35048
44324
12701
7228
45629
45486
57561
33581
42759
55395
48046
3266
45140
41187
13598
42050
21431
52374
65458
8611
21218
38608
21170
15520
16502
42983
3775
27945
29504
41510
5119
36039
42540
51938
19510
46078
13779
61633
28938
52072
6152
26222
62721
42900
18465
44556
55395
50490
59193
31969
37951
52070
9550
55452
10921
63034
57561
15019
42695
28892
49943
53872
20609
13169
53446
2957
40728
23670
39909
47728
13907
31231
43652
35005
9859
57167
45736
22618
2157
29647
44945
31928
43429
33130
56019
64474
20233
18503
16956
24033
56488
145
32148
54213
50204
26956
8708
58821
13852
64385
5464
31622
62209
39419
15438
11635
60714
28476
59327
5197
46672
988
28402
28892
38547
19402
3268
13876
38877
3659
62209
23616
29460
19679
24571
14695
40290
27406
37791
17714
6898
8708
27226
25086
12325
57522
9318
8408
27296
29125
38543
34785
23136
54695
61831
4233
30299
40644
31717
5222
29044
20993
50535
65406
5643
20145
64492
13684
53460
38956
29181
26706
24353
32443
58247
8898
40766
16949
13171
145
54242
56645
16500
35418
63916
27025
38015
48348
40332
57621
53759
33686
870
64848
59766
59690
50077
42932
6987
34150
31256
40814
41659
20723
52041
46520
39345
41438
22680
21458
31947
52915
32202
65463
33346
46440
56775
21848
35832
31656
40534
54171
16687
19298
29415
52831
64518
61047
33784
61648
54242
25291
40582
43047
16500
65007
39401
35805
1252
47460
53883
36486
18762
34261
17325
51672
53759
50609
15598
64687
45500
2123
22633
19576
10499
18094
61897
36916
46870
15323
22331
41408
60344
42744
50196
40423
31758
11243
3266
42539
52755
22373
16660
14487
37482
28408
18665
30570
26447
45513
31622
9139
29504
46403
46870
54153
4691
31893
31105
51682
63657
42898
10703
49186
43497
42909
3205
26038
16500
28465
37797
31538
26685
31631
9615
58194
17139
52433
28539
60235
52416
34528
58545
36803
60717
3190
64478
60987
41300
15247
5043
34380
59728
59111
28743
8597
23408
52782
27406
